PWM_2 = PWM(1,7:18);
Wm_1_2 = Wm_2(1,7:18);
Wm_1_3 = Wm_3(1,7:18);
Wm_1_4 = Wm_4(1,7:18);
% PWM = a*Wm + b
a = [0.4159; 0.3952; 0.3984; 0.4068];
b = [226.4; 245.7; 238.2; 235.7];
a_mean = 0.4041;
b_mean = 236.5;
% Motor offset

